4
9
21
30
44
48
54
68
75
79
84
93
103
111
121
126
134
138
142
151
158
164
172
174
191
198
208
210
211
215
217
221
226
228
232
242
249
267
276
278
279
285
288
292
299
302
307
314
321
326
330
337
345
353
360
380
384
388
390
391
395
398
402
410
413
416
420
430
450
451
457
459
466
469
477
481
483
487
494
509
515
522
542
550
553
556
561
565
569
573
587
590
598
604
606
609
619
621
624
627
636
647
653
658
660
667
673
674
678
690
699
704
711
723
730
734
735
738
741
749
756
761
764
776
785
791
809
819
848
852
873
875
882
884
888
890
895
899
908
914
924
927
931
934
945
947
956
960
962
965
967
975
976
978
986
1002
1019
1029
1033
1038
1051
1076
1079
1081
1084
1095
1108
1117
1122
1125
1130
1139
1145
1148
1154
1161
1175
1179
1196
1197
1207
1210
1212
1226
1228
1235
