11
16
24
32
40
50
58
60
63
76
80
85
86
95
101
107
115
123
126
129
130
136
140
150
155
180
187
188
204
221
223
230
233
235
236
242
243
250
258
262
271
276
277
278
280
283
290
298
302
305
313
327
331
334
338
340
353
357
362
364
367
374
376
400
401
403
406
409
415
424
427
429
432
434
436
450
455
467
473
483
493
501
516
520
525
541
542
553
557
560
571
582
586
587
594
601
606
618
627
630
642
648
649
663
670
675
678
683
684
688
690
694
701
702
710
728
738
744
753
755
765
774
782
791
797
809
817
821
831
843
845
847
854
860
873
874
881
883
885
886
891
902
910
914
918
921
925
928
941
947
959
962
975
983
1000
1005
1007
1011
1017
1024
1040
1042
1045
1050
1069
1076
1085
1100
1103
1108
1123
1145
1149
1167
1171
1172
1176
1184
1191
1195
1199
