9
10
18
22
25
34
38
40
43
48
51
57
58
66
71
74
87
95
102
108
111
126
134
141
142
143
145
148
153
157
165
174
183
185
192
195
199
210
212
223
231
237
239
249
251
259
266
291
293
296
302
305
316
322
326
338
347
349
372
373
374
379
383
386
392
397
404
407
420
424
439
442
449
458
462
473
479
490
492
499
507
515
517
529
538
548
553
559
562
578
584
597
600
601
604
616
628
634
640
645
648
663
670
684
686
704
712
715
721
726
732
743
750
751
752
756
768
778
786
788
800
806
811
818
823
825
827
842
844
847
851
869
871
875
877
883
901
904
917
919
930
939
943
947
952
957
965
973
974
991
997
1000
1030
1031
1033
1036
1040
1041
1049
1052
1054
1059
1081
1086
1087
1094
1101
1129
1135
1141
1142
1152
1159
1167
1171
1173
1175
1180
1189
1193
