3
13
17
19
22
33
41
47
54
60
62
65
70
93
98
108
112
115
117
123
125
126
128
130
148
156
160
163
172
183
188
197
206
211
219
226
237
242
246
248
249
262
264
266
267
276
277
285
320
323
325
332
337
342
345
354
366
368
378
381
386
404
408
418
419
428
434
451
454
474
477
485
489
496
501
504
516
529
530
535
538
542
548
562
574
587
590
608
610
612
622
634
642
647
648
658
665
672
687
688
703
705
712
714
719
726
729
734
740
749
753
757
769
776
781
783
786
792
804
807
814
822
829
832
842
845
855
860
864
874
877
890
913
917
925
930
935
936
945
947
966
968
979
997
999
1007
1011
1013
1015
1018
1022
1026
1033
1043
1045
1047
1052
1059
1061
1062
1070
1073
1077
1107
1112
1115
1119
1121
1126
1133
1137
1142
1145
1160
1163
1165
1170
