2
4
6
25
34
37
38
44
48
62
65
68
76
82
85
88
89
95
98
100
101
104
110
115
119
122
127
138
141
160
162
166
171
177
183
186
193
202
218
227
229
236
237
248
253
257
258
271
275
282
287
296
298
303
306
308
315
324
340
344
352
355
358
362
367
397
405
414
417
432
435
443
447
449
453
463
473
479
486
498
505
515
521
525
531
537
548
558
560
563
577
582
595
598
605
616
617
628
629
639
648
651
652
656
670
673
677
684
694
695
699
713
721
724
737
743
745
753
756
772
782
784
789
799
806
815
816
820
835
847
856
860
874
878
883
890
897
908
912
923
928
935
937
946
960
965
972
974
978
979
981
989
1002
1004
1006
1020
1025
1047
1049
1052
1056
1061
1075
1093
1097
1105
1106
1116
1121
1127
1131
1138
1158
1164
1167
1169
1170
1183
1186
