5
13
24
46
64
67
72
81
87
89
128
132
136
148
163
168
170
172
174
179
181
192
206
211
213
220
222
234
239
240
241
244
253
256
262
264
274
283
289
293
296
302
304
307
309
311
356
359
364
367
384
386
395
402
408
414
420
424
433
447
449
456
466
467
468
470
476
488
498
501
505
515
516
518
524
528
529
532
537
544
550
559
562
564
575
576
577
583
590
598
610
619
625
626
628
633
637
638
644
650
656
666
687
688
699
702
705
712
713
720
728
733
741
746
754
757
769
782
801
808
814
820
821
836
848
851
853
855
860
862
864
875
884
891
892
898
900
901
907
910
919
926
928
935
936
971
974
992
1001
1002
1005
1018
1022
1024
1034
1039
1047
1049
1055
1059
1068
1075
1083
1094
1099
1106
1117
1120
1130
1133
1142
1143
1146
1149
1151
1156
1160
1165
1168
1173
1174
1187
1190
1198
1214
1217
1221
1222
1224
