2
7
17
22
38
39
42
50
54
56
58
84
89
93
104
107
112
119
128
133
136
147
152
153
155
160
163
175
181
194
196
199
204
206
211
213
219
232
238
240
242
245
252
253
268
276
279
283
287
290
295
298
299
306
311
319
329
335
338
341
342
348
355
376
383
392
420
423
425
435
445
455
469
481
492
497
505
521
527
531
538
544
550
557
559
565
566
568
572
575
576
580
586
603
608
622
632
635
640
641
645
656
663
668
676
683
701
702
708
711
713
720
730
731
734
738
744
750
753
764
773
775
779
783
793
797
808
817
819
821
833
850
859
860
866
870
879
886
888
890
916
917
920
928
932
941
951
957
960
971
978
983
986
1006
1010
1011
1029
1031
1043
1046
1054
1056
1066
1067
1075
1077
1090
1092
1105
1108
1121
1142
1145
1147
1152
1155
1161
1165
1177
1178
1184
1188
1194
1197
1212
1218
1226
1232
