1
2
13
30
45
46
51
57
65
75
78
80
82
86
92
97
103
119
127
135
141
155
158
159
163
173
176
196
217
222
224
246
257
259
269
280
281
285
294
295
299
302
313
315
323
324
334
336
340
342
350
358
367
370
378
391
392
403
410
411
415
421
431
438
441
456
462
481
493
494
497
505
507
509
514
515
519
521
526
532
546
547
556
558
561
575
578
584
591
599
611
613
620
621
622
625
633
635
638
639
645
648
652
657
666
677
690
694
695
703
705
706
709
713
720
729
733
739
748
750
755
761
766
768
781
783
788
795
796
804
807
815
822
832
839
845
850
857
861
868
893
895
911
915
922
932
933
939
941
942
944
948
960
964
983
993
1013
1017
1031
1045
1047
1061
1069
1071
1082
1086
1087
1096
1109
1124
1127
1131
1143
1156
1161
1168
1172
1183
1185
1187
1198
1201
1207
1214
