18
39
42
45
50
61
63
83
88
91
95
99
110
113
118
128
135
147
150
156
163
174
191
196
201
218
223
229
231
239
242
244
247
252
254
261
266
270
276
278
292
293
306
309
313
317
328
336
337
341
345
348
352
355
357
389
391
409
410
417
420
439
441
451
454
456
461
473
481
484
492
493
495
509
514
521
524
529
545
553
562
573
576
582
583
589
598
602
607
608
619
634
637
639
650
655
667
671
691
693
699
711
723
726
727
744
754
758
764
773
776
794
797
799
801
803
813
832
838
841
843
849
861
867
869
871
885
887
898
910
925
936
942
948
950
953
960
963
972
990
993
994
995
997
998
1003
1011
1016
1019
1020
1026
1028
1032
1044
1052
1060
1066
1067
1074
1079
1083
1096
1101
1103
1109
1114
1116
1122
1128
1149
1153
1155
1169
1170
1174
1175
1181
1190
1191
1192
1196
1198
1210
1212
1220
1227
