2
8
19
24
27
31
40
41
42
45
50
52
65
68
72
78
84
88
96
104
116
128
130
132
136
139
155
163
165
171
175
181
183
187
203
205
207
209
212
217
219
245
258
260
262
269
277
281
300
316
322
325
332
344
352
366
367
395
398
404
406
409
417
435
448
459
461
464
470
478
481
488
492
500
501
506
514
518
520
524
527
528
530
540
549
555
559
566
577
578
580
583
590
596
598
607
614
637
648
659
662
667
671
687
694
707
711
713
717
722
732
737
739
749
755
760
771
772
780
789
792
794
803
805
808
831
841
842
846
847
848
853
874
888
904
909
915
916
920
933
938
942
947
950
954
961
969
974
997
999
1002
1017
1022
1023
1024
1038
1062
1069
1072
1073
1077
1087
1088
1094
1100
1103
1121
1127
1130
1132
1133
1145
1148
