14
21
23
26
44
50
53
54
68
71
73
87
98
113
117
119
123
128
136
139
143
147
148
155
159
171
180
185
187
189
195
203
204
217
218
220
232
236
240
249
252
257
260
261
267
278
280
292
296
305
307
315
318
325
333
337
355
362
368
369
371
372
373
382
383
384
409
410
415
420
422
425
437
454
485
497
504
507
517
520
523
530
532
533
538
542
546
550
561
565
570
573
576
583
597
605
613
616
617
623
628
635
638
640
643
656
664
672
684
688
692
714
726
733
740
754
778
779
788
797
800
810
820
822
843
844
847
848
852
868
875
887
893
904
907
914
923
927
932
936
939
943
948
949
959
961
969
973
980
989
1000
1007
1014
1016
1021
1025
1028
1040
1042
1052
1057
1061
1063
1072
1079
1084
1086
1093
1108
1117
1122
1127
1134
1147
1154
1162
1168
1172
1179
1186
1198
1211
1214
1220
1224
