6
23
29
33
48
52
61
66
68
71
80
85
102
105
107
110
113
115
125
130
136
145
149
162
165
176
187
189
198
202
205
206
218
221
227
230
235
243
245
256
263
267
273
282
283
307
311
323
329
333
336
339
346
352
358
359
364
367
374
376
378
386
390
392
396
398
402
409
414
415
419
427
429
431
434
436
454
476
480
485
488
489
501
512
518
520
524
533
541
550
558
561
563
568
570
581
593
598
600
609
610
613
619
624
629
633
634
640
655
663
676
690
694
704
720
724
728
733
734
735
758
759
781
785
787
790
799
805
807
813
816
826
831
840
847
849
850
856
863
865
878
881
891
905
911
920
923
939
941
943
945
947
957
959
964
975
979
985
993
1001
1003
1012
1033
1045
1064
1068
1074
1085
1087
1104
1107
1127
1130
1136
1155
1163
1166
1174
1177
1183
1190
1195
1201
1212
